c=0.500000
a=1.100000
s=3.200000
b=3.300000
d=9.600000
