d=9.600000
a=1.100000
b=3.300000
c=0.500000
s=3.200000
